166
740
881
241
12
758
21
940
535
743
874
143
717
504
696
762
892
448
698
259
867
352
809
33
727
579
169
504
141
176
433
307
916
314
900
280
424
921
221
960
665
447
455
734
951
151
497
843
600
547
454
819
900
263
204
979
195
725
483
688
901
269
995
170
935
247
450
360
520
23
320
185
822
127
272
773
278
121
969
230
668
423
401
920
39
605
899
234
682
735
922
584
356
269
106
291
516
908
651
36
284
323
574
106
450
198
880
81
319
849
663
339
624
65
260
663
22
511
249
705
598
171
641
954
792
99
246
660
7
249
49
291
925
975
398
727
173
630
160
492
831
824
831
455
889
443
471
263
307
720
320
905
244
961
212
388
60
810
49
68
59
98
711
336
73
109
64
598
91
224
90
922
400
273
730
289
69
201
905
376
273
225
281
869
539
493
258
599
303
659
19
715
757
83
403
182
544
467
780
636
44
222
910
444
847
640
86
916
193
343
292
819
568
926
688
107
771
298
59
427
957
430
494
714
513
897
248
58
717
380
46
113
954
956
909
802
597
995
70
142
690
715
961
611
641
2
718
764
300
129
191
258
912
685
324
425
583
925
835
652
305
881
765
612
838
674
414
787
22
836
929
712
551
243
323
544
245
394
309
897
875
852
155
787
890
832
213
473
757
400
477
414
282
242
26
120
916
792
259
290
629
540
3
532
783
678
429
380
72
90
278
948
942
785
87
832
969
652
657
726
53
134
141
335
728
167
807
645
960
66
935
941
606
290
473
742
969
902
122
393
992
752
693
287
890
781
119
859
433
129
938
486
263
431
821
992
598
980
989
910
46
276
851
5
919
677
747
888
931
869
633
276
974
327
563
864
108
34
75
893
163
13
380
779
796
553
123
747
534
464
657
932
740
861
937
659
890
684
899
821
906
533
449
880
860
12
96
320
47
171
213
562
537
945
341
333
851
464
80
737
928
90
669
21
303
959
680
193
643
932
366
549
465
816
781
677
180
877
997
227
49
562
790
938
508
483
271
359
948
704
448
228
146
117
249
449
76
282
994
72
214
712
973
31
880
107
708
61
984
57
288
385
971
430
323
831
914
947
542
214
3
990
442
149
108
692
950
536
326
296
960
540
8
286
923
889
393
983
950
377
40
590
115
363
373
438
195
287
737
737
501
740
728
295
889
188
987
191
724
313
487
37
205
496
323
128
737
68
111
687
797
503
629
912
867
2
703
62
641
440
799
142
181
527
438
422
67
777
614
792
443
101
181
648
949
856
129
686
276
592
725
73
96
707
986
315
709
689
377
351
129
528
845
662
408
635
85
475
765
699
619
208
152
800
208
102
8
337
140
284
282
866
358
378
925
696
693
634
737
422
337
218
950
535
881
710
170
966
186
287
665
157
847
817
310
56
271
318
745
412
955
27
630
313
757
555
361
802
541
98
224
231
668
527
766
549
237
288
867
775
576
884
933
423
54
243
831
325
913
929
89
868
956
71
181
66
978
894
868
520
344
93
103
13
620
869
914
209
509
782
985
437
18
270
213
72
513
44
398
778
973
839
647
282
911
180
348
889
75
216
761
771
661
864
784
633
85
51
843
595
185
180
32
203
450
245
276
315
290
26
93
615
865
92
249
128
273
597
370
700
166
131
471
827
996
608
461
81
659
656
28
196
836
61
399
638
306
675
305
948
53
750
916
271
843
165
399
116
115
769
816
281
253
639
108
601
247
921
34
258
577
63
454
765
124
854
403
782
881
60
83
287
811
999
558
6
164
309
122
279
431
290
560
684
281
21
285
529
294
319
139
224
382
594
989
858
800
745
641
33
157
724
320
968
75
878
974
239
540
448
871
971
90
783
655
372
156
292
253
451
611
392
675
346
986
16
556
786
113
549
172
271
273
492
591
700
723
566
940
263
366
811
234
457
946
241
181
103
533
434
906
496
826
581
194
165
949
751
303
63
300
475
686
926
968
277
626
43
195
918
306
562
81
892
371
28
133
552
483
18
986
389
514
164
322
61
329
271
164
633
686
464
108
724
742
428
2
721
471
197
991
129
111
73
21
482
453
154
34
936
524
372
325
39
537
647
452
866
270
616
851
309
432
312
33
175
740
387
248
564
585
239
693
696
312
715
531
117
221
565
53
746
290
730
137
827
729
589
45
0
205
897
661
989
209
46
164
301
434
764
865
19
4
559
67
668
274
950
786
847
516
191
593
158
922
730
985
651
671
382
3
228
631
16
218
192
63
734
494
497
499
711
868
503
270
287
523
896
238
309
744
