0
2
2
2
3
3
3
4
5
6
7
8
8
12
12
13
13
16
16
18
18
19
19
21
21
21
21
22
22
23
26
26
27
28
28
31
32
33
33
33
34
34
34
36
37
39
39
40
43
44
44
45
46
46
46
47
49
49
49
51
53
53
53
54
56
57
58
59
59
60
60
61
61
61
62
63
63
63
64
65
66
66
67
67
68
68
69
70
71
72
72
72
73
73
73
75
75
75
76
80
81
81
81
83
83
85
85
86
87
89
90
90
90
90
91
92
93
93
96
96
98
98
99
101
102
103
103
106
106
107
107
108
108
108
108
109
111
111
113
113
115
115
116
117
117
119
120
121
122
122
123
124
127
128
128
129
129
129
129
129
131
133
134
137
139
140
141
141
142
142
143
146
149
151
152
154
155
156
157
157
158
160
163
164
164
164
164
165
165
166
166
167
169
170
170
171
171
172
173
175
176
180
180
180
181
181
181
181
182
185
185
186
188
191
191
191
192
193
193
194
195
195
195
196
197
198
201
203
204
205
205
208
208
209
209
212
213
213
213
214
214
216
218
218
221
221
222
224
224
224
225
227
228
228
230
231
234
234
237
238
239
239
241
241
242
243
243
244
245
245
246
247
247
248
248
249
249
249
249
253
253
258
258
258
259
259
260
263
263
263
263
269
269
270
270
270
271
271
271
271
271
272
273
273
273
273
274
276
276
276
276
277
278
278
279
280
281
281
281
282
282
282
282
284
284
285
286
287
287
287
287
287
288
288
289
290
290
290
290
290
291
291
292
292
294
295
296
298
300
300
301
303
303
303
305
305
306
306
307
307
309
309
309
309
310
312
312
313
313
314
315
315
318
319
319
320
320
320
320
322
323
323
323
323
324
325
325
326
327
329
333
335
336
337
337
339
341
343
344
346
348
351
352
356
358
359
360
361
363
366
366
370
371
372
372
373
376
377
377
378
380
380
380
382
382
385
387
388
389
392
393
393
394
398
398
399
399
400
400
401
403
403
408
412
414
414
422
422
423
423
424
425
427
428
429
430
430
431
431
432
433
433
434
434
437
438
438
440
442
443
443
444
447
448
448
448
449
449
450
450
450
451
452
453
454
454
455
455
457
461
464
464
464
465
467
471
471
471
473
473
475
475
477
482
483
483
483
486
487
492
492
493
494
494
496
496
497
497
499
501
503
503
504
504
508
509
511
513
513
514
516
516
520
520
523
524
527
527
528
529
531
532
533
533
534
535
535
536
537
537
539
540
540
540
541
542
544
544
547
549
549
549
551
552
553
555
556
558
559
560
562
562
562
563
564
565
566
568
574
576
577
579
581
583
584
585
589
590
591
592
593
594
595
597
597
598
598
598
599
600
601
605
606
608
611
611
612
614
615
616
619
620
624
626
629
629
630
630
631
633
633
633
634
635
636
638
639
640
641
641
641
641
643
645
647
647
648
651
651
652
652
655
656
657
657
659
659
659
660
661
661
662
663
663
665
665
668
668
668
669
671
674
675
675
677
677
678
680
682
684
684
685
686
686
686
687
688
688
689
690
692
693
693
693
696
696
696
698
699
700
700
703
704
705
707
708
709
710
711
711
712
712
714
715
715
715
717
717
718
720
721
723
724
724
724
725
725
726
727
727
728
728
729
730
730
730
734
734
735
737
737
737
737
737
740
740
740
740
742
742
743
745
745
746
747
747
750
751
752
757
757
757
758
761
762
764
764
765
765
765
766
769
771
771
773
775
777
778
779
780
781
781
782
782
783
783
784
785
786
786
787
787
790
792
792
792
796
797
799
800
800
802
802
807
809
810
811
811
816
816
817
819
819
821
821
822
824
826
827
827
831
831
831
831
832
832
835
836
836
838
839
843
843
843
845
847
847
847
849
851
851
851
852
854
856
858
859
860
861
864
864
865
865
866
866
867
867
867
868
868
868
869
869
869
871
874
875
877
878
880
880
880
881
881
881
881
884
888
889
889
889
889
890
890
890
892
892
893
894
896
897
897
897
899
899
900
900
901
902
905
905
906
906
908
909
910
910
911
912
912
913
914
914
916
916
916
916
918
919
920
921
921
922
922
922
923
925
925
925
926
926
928
929
929
931
932
932
933
935
935
936
937
938
938
940
940
941
942
945
946
947
948
948
948
949
949
950
950
950
950
951
954
954
955
956
956
957
959
960
960
960
961
961
966
968
968
969
969
969
971
971
973
973
974
974
975
978
979
980
983
984
985
985
986
986
986
987
989
989
989
990
991
992
992
994
995
995
996
997
999
